0.000000000000000000e+00
2.000000000000000000e+00
6.000000000000000000e+00
3.100000000000000000e+01
3.300000000000000000e+01
3.600000000000000000e+01
4.000000000000000000e+01
4.400000000000000000e+01
5.900000000000000000e+01
6.000000000000000000e+01
6.100000000000000000e+01
7.500000000000000000e+01
7.800000000000000000e+01
8.100000000000000000e+01
8.600000000000000000e+01
9.400000000000000000e+01
1.220000000000000000e+02
1.320000000000000000e+02
1.430000000000000000e+02
1.540000000000000000e+02
1.570000000000000000e+02
1.680000000000000000e+02
1.770000000000000000e+02
1.780000000000000000e+02
1.800000000000000000e+02
2.020000000000000000e+02
2.030000000000000000e+02
2.090000000000000000e+02
2.200000000000000000e+02
2.270000000000000000e+02
2.280000000000000000e+02
2.850000000000000000e+02
2.920000000000000000e+02
3.300000000000000000e+02
3.350000000000000000e+02
3.400000000000000000e+02
3.580000000000000000e+02
4.020000000000000000e+02
4.030000000000000000e+02
4.090000000000000000e+02
4.400000000000000000e+02
4.580000000000000000e+02
4.650000000000000000e+02
4.840000000000000000e+02
4.910000000000000000e+02
4.950000000000000000e+02
4.980000000000000000e+02
5.010000000000000000e+02
5.140000000000000000e+02
5.150000000000000000e+02
5.220000000000000000e+02
5.360000000000000000e+02
5.480000000000000000e+02
5.510000000000000000e+02
5.620000000000000000e+02
5.710000000000000000e+02
5.730000000000000000e+02
5.750000000000000000e+02
5.760000000000000000e+02
5.890000000000000000e+02
5.900000000000000000e+02
5.930000000000000000e+02
5.960000000000000000e+02
6.530000000000000000e+02
6.540000000000000000e+02
6.680000000000000000e+02
6.860000000000000000e+02
7.020000000000000000e+02
7.090000000000000000e+02
7.130000000000000000e+02
7.140000000000000000e+02
7.280000000000000000e+02
7.470000000000000000e+02
7.530000000000000000e+02
7.610000000000000000e+02
7.620000000000000000e+02
7.630000000000000000e+02
7.680000000000000000e+02
7.780000000000000000e+02
7.890000000000000000e+02
7.910000000000000000e+02
7.970000000000000000e+02
7.980000000000000000e+02
8.010000000000000000e+02
8.070000000000000000e+02
8.330000000000000000e+02
8.410000000000000000e+02
8.590000000000000000e+02
8.640000000000000000e+02
8.730000000000000000e+02
8.820000000000000000e+02
8.900000000000000000e+02
8.970000000000000000e+02
9.060000000000000000e+02
9.440000000000000000e+02
9.580000000000000000e+02
9.720000000000000000e+02
9.850000000000000000e+02
1.002000000000000000e+03
1.003000000000000000e+03
1.007000000000000000e+03
1.033000000000000000e+03
1.040000000000000000e+03
1.045000000000000000e+03
1.068000000000000000e+03
1.073000000000000000e+03
1.084000000000000000e+03
1.093000000000000000e+03
1.097000000000000000e+03
1.114000000000000000e+03
1.119000000000000000e+03
1.145000000000000000e+03
1.151000000000000000e+03
1.172000000000000000e+03
1.200000000000000000e+03
1.208000000000000000e+03
1.209000000000000000e+03
1.212000000000000000e+03
1.218000000000000000e+03
1.232000000000000000e+03
1.240000000000000000e+03
1.255000000000000000e+03
1.257000000000000000e+03
1.260000000000000000e+03
1.262000000000000000e+03
1.270000000000000000e+03
1.280000000000000000e+03
1.291000000000000000e+03
1.326000000000000000e+03
1.327000000000000000e+03
1.328000000000000000e+03
1.353000000000000000e+03
1.356000000000000000e+03
1.357000000000000000e+03
1.359000000000000000e+03
1.365000000000000000e+03
1.366000000000000000e+03
1.367000000000000000e+03
1.369000000000000000e+03
1.372000000000000000e+03
1.379000000000000000e+03
1.380000000000000000e+03
1.387000000000000000e+03
1.403000000000000000e+03
1.404000000000000000e+03
1.414000000000000000e+03
1.432000000000000000e+03
1.461000000000000000e+03
1.463000000000000000e+03
1.473000000000000000e+03
1.483000000000000000e+03
1.498000000000000000e+03
1.505000000000000000e+03
1.511000000000000000e+03
1.528000000000000000e+03
1.546000000000000000e+03
1.549000000000000000e+03
1.564000000000000000e+03
1.572000000000000000e+03
1.573000000000000000e+03
1.587000000000000000e+03
1.591000000000000000e+03
1.598000000000000000e+03
1.605000000000000000e+03
1.621000000000000000e+03
1.622000000000000000e+03
1.624000000000000000e+03
1.644000000000000000e+03
1.645000000000000000e+03
1.650000000000000000e+03
1.652000000000000000e+03
1.656000000000000000e+03
1.697000000000000000e+03
1.726000000000000000e+03
1.744000000000000000e+03
1.756000000000000000e+03
1.760000000000000000e+03
1.764000000000000000e+03
1.766000000000000000e+03
1.779000000000000000e+03
1.789000000000000000e+03
1.790000000000000000e+03
1.799000000000000000e+03
1.816000000000000000e+03
1.832000000000000000e+03
1.839000000000000000e+03
1.852000000000000000e+03
1.858000000000000000e+03
1.860000000000000000e+03
1.866000000000000000e+03
1.868000000000000000e+03
1.869000000000000000e+03
1.890000000000000000e+03
1.893000000000000000e+03
1.903000000000000000e+03
1.924000000000000000e+03
1.926000000000000000e+03
1.945000000000000000e+03
1.947000000000000000e+03
1.958000000000000000e+03
1.962000000000000000e+03
1.963000000000000000e+03
1.993000000000000000e+03
1.998000000000000000e+03
1.999000000000000000e+03
2.039000000000000000e+03
2.044000000000000000e+03
2.053000000000000000e+03
2.082000000000000000e+03
2.099000000000000000e+03
2.131000000000000000e+03
2.135000000000000000e+03
2.153000000000000000e+03
2.156000000000000000e+03
2.169000000000000000e+03
2.176000000000000000e+03
2.178000000000000000e+03
2.181000000000000000e+03
2.199000000000000000e+03
2.214000000000000000e+03
2.238000000000000000e+03
2.239000000000000000e+03
2.242000000000000000e+03
2.260000000000000000e+03
2.264000000000000000e+03
2.267000000000000000e+03
2.277000000000000000e+03
2.301000000000000000e+03
2.318000000000000000e+03
2.323000000000000000e+03
2.327000000000000000e+03
2.334000000000000000e+03
2.347000000000000000e+03
2.353000000000000000e+03
2.362000000000000000e+03
2.374000000000000000e+03
2.381000000000000000e+03
2.383000000000000000e+03
2.387000000000000000e+03
2.417000000000000000e+03
2.422000000000000000e+03
2.436000000000000000e+03
2.437000000000000000e+03
2.439000000000000000e+03
2.441000000000000000e+03
2.442000000000000000e+03
2.451000000000000000e+03
2.456000000000000000e+03
2.458000000000000000e+03
2.462000000000000000e+03
2.511000000000000000e+03
2.522000000000000000e+03
2.621000000000000000e+03
2.629000000000000000e+03
2.640000000000000000e+03
2.661000000000000000e+03
2.740000000000000000e+03
2.800000000000000000e+03
2.825000000000000000e+03
2.875000000000000000e+03
2.923000000000000000e+03
3.002000000000000000e+03
3.006000000000000000e+03
3.013000000000000000e+03
3.015000000000000000e+03
3.038000000000000000e+03
3.042000000000000000e+03
3.049000000000000000e+03
3.050000000000000000e+03
3.051000000000000000e+03
3.052000000000000000e+03
3.053000000000000000e+03
3.060000000000000000e+03
3.061000000000000000e+03
3.064000000000000000e+03
3.071000000000000000e+03
3.072000000000000000e+03
3.073000000000000000e+03
3.074000000000000000e+03
3.077000000000000000e+03
3.078000000000000000e+03
3.081000000000000000e+03
3.085000000000000000e+03
3.088000000000000000e+03
3.111000000000000000e+03
3.128000000000000000e+03
3.135000000000000000e+03
3.153000000000000000e+03
3.173000000000000000e+03
3.198000000000000000e+03
3.218000000000000000e+03
3.261000000000000000e+03
3.269000000000000000e+03
3.299000000000000000e+03
3.387000000000000000e+03
3.460000000000000000e+03
3.466000000000000000e+03
3.494000000000000000e+03
3.522000000000000000e+03
3.641000000000000000e+03
3.703000000000000000e+03
3.712000000000000000e+03
3.723000000000000000e+03
3.758000000000000000e+03
3.759000000000000000e+03
3.761000000000000000e+03
3.762000000000000000e+03
3.763000000000000000e+03
3.764000000000000000e+03
3.767000000000000000e+03
3.768000000000000000e+03
3.770000000000000000e+03
3.771000000000000000e+03
3.772000000000000000e+03
3.808000000000000000e+03
3.812000000000000000e+03
3.866000000000000000e+03
3.887000000000000000e+03
3.901000000000000000e+03
3.917000000000000000e+03
4.092000000000000000e+03
4.218000000000000000e+03
4.317000000000000000e+03
4.338000000000000000e+03
4.358000000000000000e+03
4.431000000000000000e+03
4.435000000000000000e+03
4.491000000000000000e+03
4.493000000000000000e+03
4.495000000000000000e+03
4.500000000000000000e+03
4.501000000000000000e+03
4.502000000000000000e+03
4.505000000000000000e+03
4.506000000000000000e+03
4.585000000000000000e+03
4.596000000000000000e+03
4.603000000000000000e+03
4.605000000000000000e+03
4.644000000000000000e+03
4.659000000000000000e+03
4.677000000000000000e+03
4.685000000000000000e+03
4.693000000000000000e+03
4.695000000000000000e+03
4.698000000000000000e+03
4.754000000000000000e+03
4.765000000000000000e+03
4.766000000000000000e+03
4.779000000000000000e+03
4.782000000000000000e+03
4.807000000000000000e+03
4.953000000000000000e+03
4.970000000000000000e+03
4.975000000000000000e+03
5.020000000000000000e+03
5.049000000000000000e+03
5.088000000000000000e+03
5.164000000000000000e+03
5.169000000000000000e+03
5.183000000000000000e+03
5.297000000000000000e+03
5.314000000000000000e+03
5.321000000000000000e+03
5.357000000000000000e+03
5.381000000000000000e+03
5.389000000000000000e+03
5.438000000000000000e+03
5.458000000000000000e+03
5.508000000000000000e+03
5.584000000000000000e+03
5.623000000000000000e+03
5.757000000000000000e+03
5.828000000000000000e+03
5.841000000000000000e+03
5.935000000000000000e+03
5.949000000000000000e+03
5.993000000000000000e+03
5.994000000000000000e+03
5.996000000000000000e+03
5.997000000000000000e+03
6.000000000000000000e+03
6.002000000000000000e+03
6.003000000000000000e+03
6.006000000000000000e+03
6.007000000000000000e+03
6.008000000000000000e+03
6.020000000000000000e+03
6.027000000000000000e+03
6.089000000000000000e+03
6.320000000000000000e+03
6.392000000000000000e+03
6.413000000000000000e+03
6.433000000000000000e+03
6.464000000000000000e+03
6.465000000000000000e+03
6.652000000000000000e+03
6.848000000000000000e+03
7.000000000000000000e+03
7.001000000000000000e+03
7.002000000000000000e+03
7.003000000000000000e+03
7.005000000000000000e+03
7.008000000000000000e+03
7.010000000000000000e+03
7.011000000000000000e+03
7.012000000000000000e+03
7.013000000000000000e+03
7.014000000000000000e+03
7.132000000000000000e+03
7.270000000000000000e+03
7.271000000000000000e+03
7.446000000000000000e+03
7.863000000000000000e+03
7.958000000000000000e+03
8.268000000000000000e+03
8.296000000000000000e+03
8.353000000000000000e+03
8.386000000000000000e+03
8.460000000000000000e+03
8.470000000000000000e+03
8.517000000000000000e+03
8.642000000000000000e+03
8.643000000000000000e+03
8.644000000000000000e+03
8.645000000000000000e+03
8.646000000000000000e+03
8.647000000000000000e+03
8.669000000000000000e+03
8.699000000000000000e+03
8.841000000000000000e+03
8.851000000000000000e+03
8.852000000000000000e+03
8.866000000000000000e+03
8.868000000000000000e+03
8.890000000000000000e+03
8.891000000000000000e+03
8.896000000000000000e+03
8.912000000000000000e+03
8.934000000000000000e+03
8.964000000000000000e+03
8.971000000000000000e+03
9.021000000000000000e+03
9.033000000000000000e+03
9.047000000000000000e+03
9.109000000000000000e+03
9.116000000000000000e+03
9.174000000000000000e+03
9.218000000000000000e+03
9.219000000000000000e+03
9.221000000000000000e+03
9.237000000000000000e+03
9.251000000000000000e+03
9.281000000000000000e+03
9.292000000000000000e+03
9.293000000000000000e+03
9.297000000000000000e+03
9.308000000000000000e+03
9.569000000000000000e+03
9.570000000000000000e+03
9.607000000000000000e+03
9.653000000000000000e+03
9.665000000000000000e+03
9.685000000000000000e+03
9.686000000000000000e+03
9.687000000000000000e+03
9.747000000000000000e+03
9.777000000000000000e+03
9.986000000000000000e+03
1.001500000000000000e+04
1.002200000000000000e+04
1.019200000000000000e+04
1.020200000000000000e+04
1.021000000000000000e+04
1.022400000000000000e+04
1.022600000000000000e+04
1.025600000000000000e+04
1.031000000000000000e+04
1.032500000000000000e+04
1.032700000000000000e+04
1.039000000000000000e+04
1.044000000000000000e+04
1.044100000000000000e+04
1.058100000000000000e+04
1.085300000000000000e+04
1.104200000000000000e+04
1.104800000000000000e+04
1.118400000000000000e+04
1.120500000000000000e+04
1.123800000000000000e+04
1.124300000000000000e+04
1.125000000000000000e+04
1.170900000000000000e+04
1.201300000000000000e+04
1.201400000000000000e+04
1.201500000000000000e+04
1.208500000000000000e+04
1.214100000000000000e+04
1.230300000000000000e+04
1.269200000000000000e+04
