9.000000000000000000e+00
1.200000000000000000e+01
1.500000000000000000e+01
2.400000000000000000e+01
2.500000000000000000e+01
2.800000000000000000e+01
3.800000000000000000e+01
5.000000000000000000e+01
6.400000000000000000e+01
6.900000000000000000e+01
7.000000000000000000e+01
7.400000000000000000e+01
8.100000000000000000e+01
8.800000000000000000e+01
9.600000000000000000e+01
1.010000000000000000e+02
1.040000000000000000e+02
1.270000000000000000e+02
1.280000000000000000e+02
1.400000000000000000e+02
1.620000000000000000e+02
1.650000000000000000e+02
1.920000000000000000e+02
2.010000000000000000e+02
2.030000000000000000e+02
2.120000000000000000e+02
2.400000000000000000e+02
2.420000000000000000e+02
2.480000000000000000e+02
2.490000000000000000e+02
2.560000000000000000e+02
3.370000000000000000e+02
3.560000000000000000e+02
3.640000000000000000e+02
3.680000000000000000e+02
3.740000000000000000e+02
3.900000000000000000e+02
3.970000000000000000e+02
4.120000000000000000e+02
4.150000000000000000e+02
4.270000000000000000e+02
4.440000000000000000e+02
4.760000000000000000e+02
4.960000000000000000e+02
4.980000000000000000e+02
5.100000000000000000e+02
5.210000000000000000e+02
5.400000000000000000e+02
5.430000000000000000e+02
5.860000000000000000e+02
5.880000000000000000e+02
5.950000000000000000e+02
6.000000000000000000e+02
6.100000000000000000e+02
6.350000000000000000e+02
6.400000000000000000e+02
6.640000000000000000e+02
6.680000000000000000e+02
6.980000000000000000e+02
7.120000000000000000e+02
7.240000000000000000e+02
7.290000000000000000e+02
7.400000000000000000e+02
7.510000000000000000e+02
7.750000000000000000e+02
8.060000000000000000e+02
8.120000000000000000e+02
8.230000000000000000e+02
8.370000000000000000e+02
8.570000000000000000e+02
9.060000000000000000e+02
9.350000000000000000e+02
9.440000000000000000e+02
1.007000000000000000e+03
1.009000000000000000e+03
1.022000000000000000e+03
1.024000000000000000e+03
1.044000000000000000e+03
1.074000000000000000e+03
1.090000000000000000e+03
1.100000000000000000e+03
1.101000000000000000e+03
1.107000000000000000e+03
1.143000000000000000e+03
1.148000000000000000e+03
1.153000000000000000e+03
1.188000000000000000e+03
1.268000000000000000e+03
1.274000000000000000e+03
1.311000000000000000e+03
1.313000000000000000e+03
1.351000000000000000e+03
1.360000000000000000e+03
1.375000000000000000e+03
1.426000000000000000e+03
1.454000000000000000e+03
1.462000000000000000e+03
1.484000000000000000e+03
1.496000000000000000e+03
1.580000000000000000e+03
1.615000000000000000e+03
1.651000000000000000e+03
1.653000000000000000e+03
1.699000000000000000e+03
1.724000000000000000e+03
1.735000000000000000e+03
1.748000000000000000e+03
1.749000000000000000e+03
1.836000000000000000e+03
1.861000000000000000e+03
1.866000000000000000e+03
1.873000000000000000e+03
1.885000000000000000e+03
1.903000000000000000e+03
1.906000000000000000e+03
1.914000000000000000e+03
1.921000000000000000e+03
1.929000000000000000e+03
1.937000000000000000e+03
1.942000000000000000e+03
1.958000000000000000e+03
1.959000000000000000e+03
2.023000000000000000e+03
2.053000000000000000e+03
2.091000000000000000e+03
2.092000000000000000e+03
2.093000000000000000e+03
2.094000000000000000e+03
2.095000000000000000e+03
2.096000000000000000e+03
2.097000000000000000e+03
2.107000000000000000e+03
2.109000000000000000e+03
2.110000000000000000e+03
2.111000000000000000e+03
2.112000000000000000e+03
2.120000000000000000e+03
2.135000000000000000e+03
2.145000000000000000e+03
2.236000000000000000e+03
2.239000000000000000e+03
2.269000000000000000e+03
2.294000000000000000e+03
2.305000000000000000e+03
2.348000000000000000e+03
2.358000000000000000e+03
2.361000000000000000e+03
2.383000000000000000e+03
2.391000000000000000e+03
2.443000000000000000e+03
2.450000000000000000e+03
2.474000000000000000e+03
2.476000000000000000e+03
2.487000000000000000e+03
2.498000000000000000e+03
2.506000000000000000e+03
2.508000000000000000e+03
2.515000000000000000e+03
2.518000000000000000e+03
2.533000000000000000e+03
2.535000000000000000e+03
2.539000000000000000e+03
2.543000000000000000e+03
2.550000000000000000e+03
2.551000000000000000e+03
2.575000000000000000e+03
2.578000000000000000e+03
2.588000000000000000e+03
2.598000000000000000e+03
2.658000000000000000e+03
2.671000000000000000e+03
2.672000000000000000e+03
2.673000000000000000e+03
2.712000000000000000e+03
2.746000000000000000e+03
2.754000000000000000e+03
2.766000000000000000e+03
2.888000000000000000e+03
2.949000000000000000e+03
3.008000000000000000e+03
3.358000000000000000e+03
3.433000000000000000e+03
3.451000000000000000e+03
3.551000000000000000e+03
3.644000000000000000e+03
3.645000000000000000e+03
3.655000000000000000e+03
3.667000000000000000e+03
3.753000000000000000e+03
3.849000000000000000e+03
4.031000000000000000e+03
4.044000000000000000e+03
4.063000000000000000e+03
4.085000000000000000e+03
4.092000000000000000e+03
4.161000000000000000e+03
4.182000000000000000e+03
4.196000000000000000e+03
4.281000000000000000e+03
4.335000000000000000e+03
4.348000000000000000e+03
4.362000000000000000e+03
4.364000000000000000e+03
4.367000000000000000e+03
4.387000000000000000e+03
4.436000000000000000e+03
4.449000000000000000e+03
4.459000000000000000e+03
4.507000000000000000e+03
4.553000000000000000e+03
4.561000000000000000e+03
4.567000000000000000e+03
4.608000000000000000e+03
4.636000000000000000e+03
4.637000000000000000e+03
4.638000000000000000e+03
4.699000000000000000e+03
4.716000000000000000e+03
4.737000000000000000e+03
4.750000000000000000e+03
4.758000000000000000e+03
4.764000000000000000e+03
4.814000000000000000e+03
4.836000000000000000e+03
4.908000000000000000e+03
4.951000000000000000e+03
4.984000000000000000e+03
5.006000000000000000e+03
5.034000000000000000e+03
5.048000000000000000e+03
5.105000000000000000e+03
5.200000000000000000e+03
5.425000000000000000e+03
5.443000000000000000e+03
5.483000000000000000e+03
5.488000000000000000e+03
5.546000000000000000e+03
5.559000000000000000e+03
5.566000000000000000e+03
5.576000000000000000e+03
5.579000000000000000e+03
5.604000000000000000e+03
5.605000000000000000e+03
5.616000000000000000e+03
5.637000000000000000e+03
5.640000000000000000e+03
5.642000000000000000e+03
5.680000000000000000e+03
5.702000000000000000e+03
5.790000000000000000e+03
5.805000000000000000e+03
5.824000000000000000e+03
5.870000000000000000e+03
5.882000000000000000e+03
5.888000000000000000e+03
5.900000000000000000e+03
5.906000000000000000e+03
5.912000000000000000e+03
5.917000000000000000e+03
5.919000000000000000e+03
5.920000000000000000e+03
5.921000000000000000e+03
5.981000000000000000e+03
6.043000000000000000e+03
6.046000000000000000e+03
6.049000000000000000e+03
6.050000000000000000e+03
6.051000000000000000e+03
6.052000000000000000e+03
6.053000000000000000e+03
6.054000000000000000e+03
6.056000000000000000e+03
6.057000000000000000e+03
6.058000000000000000e+03
6.059000000000000000e+03
6.060000000000000000e+03
6.062000000000000000e+03
6.064000000000000000e+03
6.072000000000000000e+03
6.081000000000000000e+03
6.172000000000000000e+03
6.233000000000000000e+03
6.236000000000000000e+03
6.237000000000000000e+03
6.238000000000000000e+03
6.273000000000000000e+03
6.283000000000000000e+03
6.311000000000000000e+03
6.315000000000000000e+03
6.324000000000000000e+03
6.345000000000000000e+03
6.373000000000000000e+03
6.380000000000000000e+03
6.473000000000000000e+03
6.550000000000000000e+03
6.645000000000000000e+03
6.839000000000000000e+03
6.846000000000000000e+03
6.847000000000000000e+03
6.872000000000000000e+03
6.874000000000000000e+03
6.883000000000000000e+03
6.946000000000000000e+03
7.002000000000000000e+03
7.006000000000000000e+03
7.008000000000000000e+03
7.010000000000000000e+03
7.012000000000000000e+03
7.014000000000000000e+03
7.015000000000000000e+03
7.016000000000000000e+03
7.019000000000000000e+03
7.020000000000000000e+03
7.022000000000000000e+03
7.023000000000000000e+03
7.025000000000000000e+03
7.189000000000000000e+03
7.224000000000000000e+03
7.225000000000000000e+03
7.256000000000000000e+03
7.315000000000000000e+03
7.335000000000000000e+03
7.336000000000000000e+03
7.341000000000000000e+03
7.415000000000000000e+03
7.551000000000000000e+03
7.567000000000000000e+03
7.607000000000000000e+03
7.627000000000000000e+03
7.665000000000000000e+03
7.740000000000000000e+03
7.805000000000000000e+03
7.922000000000000000e+03
8.016000000000000000e+03
8.044000000000000000e+03
8.091000000000000000e+03
8.157000000000000000e+03
8.240000000000000000e+03
8.305000000000000000e+03
8.487000000000000000e+03
8.488000000000000000e+03
8.506000000000000000e+03
8.582000000000000000e+03
9.250000000000000000e+03
9.329000000000000000e+03
9.583000000000000000e+03
9.721000000000000000e+03
9.967000000000000000e+03
9.972000000000000000e+03
9.975000000000000000e+03
9.979000000000000000e+03
9.993000000000000000e+03
1.001700000000000000e+04
1.002200000000000000e+04
1.004800000000000000e+04
1.005900000000000000e+04
1.007200000000000000e+04
1.007700000000000000e+04
1.008800000000000000e+04
1.009000000000000000e+04
1.010100000000000000e+04
1.012100000000000000e+04
1.012500000000000000e+04
1.012600000000000000e+04
1.012700000000000000e+04
1.012800000000000000e+04
1.015700000000000000e+04
1.015800000000000000e+04
1.015900000000000000e+04
1.017200000000000000e+04
1.022700000000000000e+04
1.028800000000000000e+04
1.030000000000000000e+04
1.036100000000000000e+04
1.036400000000000000e+04
1.037900000000000000e+04
1.038200000000000000e+04
1.039400000000000000e+04
1.039700000000000000e+04
1.041800000000000000e+04
1.043200000000000000e+04
1.044800000000000000e+04
1.044900000000000000e+04
1.045100000000000000e+04
1.045200000000000000e+04
1.045300000000000000e+04
1.045400000000000000e+04
1.045600000000000000e+04
1.048100000000000000e+04
1.050400000000000000e+04
1.057000000000000000e+04
1.062500000000000000e+04
1.064100000000000000e+04
1.065800000000000000e+04
1.067400000000000000e+04
1.068300000000000000e+04
1.068800000000000000e+04
1.069800000000000000e+04
1.070200000000000000e+04
1.071100000000000000e+04
1.073100000000000000e+04
1.076600000000000000e+04
1.078300000000000000e+04
1.081700000000000000e+04
1.081900000000000000e+04
1.082300000000000000e+04
1.082900000000000000e+04
1.086500000000000000e+04
1.090900000000000000e+04
1.092000000000000000e+04
1.092800000000000000e+04
1.094300000000000000e+04
1.095200000000000000e+04
1.100500000000000000e+04
1.100700000000000000e+04
1.101600000000000000e+04
1.102000000000000000e+04
1.103000000000000000e+04
1.103300000000000000e+04
1.103900000000000000e+04
1.104600000000000000e+04
1.106400000000000000e+04
1.107900000000000000e+04
1.115600000000000000e+04
1.117700000000000000e+04
1.118600000000000000e+04
1.118700000000000000e+04
1.119000000000000000e+04
1.119800000000000000e+04
1.122200000000000000e+04
1.123400000000000000e+04
1.125000000000000000e+04
1.126500000000000000e+04
1.129500000000000000e+04
1.131700000000000000e+04
1.135100000000000000e+04
1.138900000000000000e+04
1.139000000000000000e+04
1.139100000000000000e+04
1.139200000000000000e+04
1.139300000000000000e+04
1.140800000000000000e+04
1.142400000000000000e+04
1.143300000000000000e+04
1.143400000000000000e+04
1.146900000000000000e+04
1.147000000000000000e+04
1.147100000000000000e+04
1.147200000000000000e+04
1.147300000000000000e+04
1.147400000000000000e+04
1.148700000000000000e+04
1.148800000000000000e+04
1.149400000000000000e+04
1.151800000000000000e+04
1.159000000000000000e+04
1.160000000000000000e+04
1.160100000000000000e+04
1.162800000000000000e+04
1.164400000000000000e+04
1.165900000000000000e+04
1.166200000000000000e+04
1.167400000000000000e+04
1.168600000000000000e+04
1.177100000000000000e+04
1.177200000000000000e+04
1.182400000000000000e+04
1.182500000000000000e+04
1.183000000000000000e+04
1.183300000000000000e+04
1.184600000000000000e+04
1.192700000000000000e+04
1.192800000000000000e+04
1.208900000000000000e+04
1.209000000000000000e+04
1.209100000000000000e+04
1.209200000000000000e+04
1.209500000000000000e+04
1.209600000000000000e+04
1.209700000000000000e+04
1.209800000000000000e+04
1.209900000000000000e+04
1.213700000000000000e+04
1.239000000000000000e+04
1.310700000000000000e+04
1.313400000000000000e+04
1.313500000000000000e+04
1.326500000000000000e+04
1.349400000000000000e+04
1.349500000000000000e+04
1.349600000000000000e+04
1.349700000000000000e+04
1.349800000000000000e+04
1.349900000000000000e+04
1.362700000000000000e+04
1.362800000000000000e+04
1.362900000000000000e+04
1.404300000000000000e+04
1.411500000000000000e+04
1.545800000000000000e+04
